13
16
27
25
23
25
16
12
9
1
2
7
20
19
23
16
0
6
22
16
11
8
27
9
2
20
2
13
7
25
29
12
12
18
29
27
13
16
1
22
9
3
21
29
14
7
8
14
5
0
23
16
1
20
26
3
2
20
16
1
15
15
14
27
26
5
16
9
13
17
24
15
12
15
14
27
14
14
3
20
7
18
6
8
8
24
3
11
14
19
12
0
26
18
19
22
16
6
24
29
15
10
14
28
17
21
17
2
27
12
22
26
1
20
26
1
15
29
4
29
10
9
21
7
27
11
21
5
9
7
27
16
17
3
6
5
16
23
29
14
28
21
2
29
3
29
0
18
28
5
10
9
6
23
8
25
26
21
1
5
29
28
14
8
1
20
13
10
14
4
24
4
17
26
3
21
17
25
9
16
22
11
17
28
5
17
24
1
8
25
29
7
15
13
8
8
3
21
18
9
26
4
13
13
23
8
26
10
4
28
18
18
9
27
17
6
14
3
0
23
20
29
22
5
4
0
5
29
14
16
9
2
12
14
7
27
15
4
8
11
2
18
29
3
16
8
10
22
11
10
15
1
1
0
28
5
0
26
4
6
12
5
8
16
12
8
14
27
12
14
0
6
2
29
9
10
8
11
3
11
21
10
13
14
10
3
19
11
29
16
9
3
13
18
20
25
26
26
14
0
10
14
6
12
6
7
15
6
19
18
17
2
28
22
9
9
26
20
12
17
6
21
13
12
1
25
29
19
21
14
19
1
20
17
5
18
17
20
24
28
0
4
22
29
26
1
0
14
22
12
2
20
25
15
2
19
10
2
8
23
8
20
24
20
29
21
9
16
12
25
14
4
29
29
3
26
0
25
10
22
29
4
13
25
11
7
14
13
1
14
6
9
4
22
22
26
14
1
12
18
18
19
22
18
18
18
6
18
13
8
3
13
13
8
0
24
7
6
8
9
20
6
18
17
29
10
13
13
3
17
23
22
6
15
2
16
25
8
27
9
16
0
14
21
0
14
8
7
20
8
16
2
14
27
19
13
29
2
18
3
20
11
17
18
19
11
5
14
19
2
15
27
24
29
19
24
5
19
23
25
27
10
28
11
29
9
17
28
12
5
23
24
9
10
12
20
21
9
26
2
1014